0 0.269333 0.827920 0.091033 0.105313
0 0.484829 0.846380 0.120758 0.136761
0 0.539633 0.800564 0.092883 0.113521
0 0.611150 0.776632 0.076167 0.082049
0 0.494117 0.739706 0.046450 0.062920
0 0.475075 0.728086 0.034367 0.050601
0 0.459283 0.692521 0.017650 0.025975
0 0.462071 0.672687 0.019508 0.035558
0 0.471358 0.665853 0.017650 0.035558
0 0.563783 0.678847 0.039017 0.056074
0 0.426775 0.700043 0.032517 0.046491
0 0.404017 0.667908 0.013000 0.017779
0 0.444887 0.652859 0.016725 0.015043
0 0.434217 0.652847 0.015767 0.017742
0 0.424450 0.649442 0.011150 0.013681
0 0.412379 0.648074 0.014858 0.016417
0 0.285587 0.773896 0.056658 0.054712
0 0.289767 0.751331 0.035300 0.042393
0 0.304167 0.735601 0.041800 0.060184
0 0.313454 0.708245 0.030658 0.041031
0 0.316708 0.691153 0.024150 0.039656
0 0.334817 0.695258 0.021367 0.031448
0 0.356179 0.693202 0.023225 0.030086
0 0.351533 0.677479 0.010217 0.015055
0 0.359900 0.656963 0.010217 0.012307
1 0.497833 0.842963 0.024150 0.028724
1 0.543813 0.798515 0.025075 0.016417
1 0.619979 0.776632 0.023225 0.010933
1 0.263758 0.822448 0.031583 0.012307
0 0.358504 0.608411 0.009292 0.013681
0 0.347821 0.646018 0.008358 0.012307
0 0.342246 0.641920 0.008358 0.009583
0 0.338071 0.632344 0.009292 0.009571
0 0.337142 0.624141 0.007433 0.006834
0 0.335746 0.617982 0.006508 0.008209
0 0.338996 0.606362 0.009292 0.009583
0 0.327387 0.595417 0.008358 0.012307
0 0.324596 0.583791 0.012075 0.010945
0 0.340854 0.581742 0.007425 0.006847
0 0.339925 0.598153 0.009283 0.009583
0 0.381263 0.595423 0.008358 0.009571
0 0.372900 0.586534 0.008367 0.008209
0 0.358042 0.594055 0.012083 0.006834
0 0.355708 0.585184 0.007417 0.010982
0 0.731904 0.688423 0.033442 0.028724
0 0.704971 0.683632 0.022292 0.027362
